pos	G	A	T	C
0	0.265996	0.284278	0.238574	0.211152
1	0.320841	0.293419	0.329982	0.055759
2	0.211152	0.183729	0.403108	0.202011
3	0.311700	0.275137	0.320841	0.092322
4	0.247715	0.256856	0.247715	0.247715
5	0.320841	0.138026	0.348263	0.192870
6	0.247715	0.183729	0.366545	0.202011
7	0.265996	0.183729	0.393967	0.156307
8	0.128885	0.366545	0.348263	0.156307
9	0.329982	0.293419	0.229433	0.147166
10	0.348263	0.302559	0.174589	0.174589
11	0.339122	0.238574	0.293419	0.128885
12	0.284278	0.220293	0.192870	0.302559
13	0.311700	0.211152	0.329982	0.147166
14	0.174589	0.421389	0.265996	0.138026
15	0.256856	0.329982	0.092322	0.320841
16	0.293419	0.457952	0.092322	0.156307
17	0.476234	0.403108	0.083181	0.037477
18	0.000914	0.366545	0.119744	0.512797
19	0.128885	0.476234	0.128885	0.265996
20	0.000914	0.997258	0.000914	0.000914
21	0.000914	0.000914	0.997258	0.000914
22	0.997258	0.000914	0.000914	0.000914
23	0.668190	0.083181	0.156307	0.092322
24	0.000914	0.329982	0.000914	0.668190
25	0.247715	0.192870	0.384826	0.174589
26	0.348263	0.101463	0.430530	0.119744
27	0.183729	0.101463	0.147166	0.567642
28	0.357404	0.192870	0.256856	0.192870
29	0.366545	0.256856	0.165448	0.211152
30	0.101463	0.238574	0.211152	0.448812
31	0.265996	0.247715	0.430530	0.055759
32	0.275137	0.329982	0.202011	0.192870
