pos	G	A	T	C
0	0.251365	0.270469	0.300491	0.177675
1	0.240448	0.254094	0.325055	0.180404
2	0.259552	0.218614	0.322325	0.199509
3	0.251365	0.267740	0.311408	0.169487
4	0.270469	0.286845	0.275928	0.166758
5	0.237718	0.229531	0.360535	0.172216
6	0.243177	0.240448	0.325055	0.191321
7	0.243177	0.234989	0.346889	0.174945
8	0.191321	0.305950	0.311408	0.191321
9	0.245906	0.262282	0.305950	0.185862
10	0.284116	0.234989	0.295033	0.185862
11	0.284116	0.240448	0.314138	0.161299
12	0.251365	0.273199	0.254094	0.221343
13	0.262282	0.256823	0.305950	0.174945
14	0.234989	0.292303	0.286845	0.185862
15	0.177675	0.316867	0.267740	0.237718
16	0.251365	0.349618	0.248635	0.150382
17	0.333242	0.322325	0.243177	0.101255
18	0.142194	0.404203	0.183133	0.270469
19	0.254094	0.387828	0.131277	0.226801
20	0.000273	0.999181	0.000273	0.000273
21	0.000273	0.000273	0.999181	0.000273
22	0.999181	0.000273	0.000273	0.000273
23	0.581605	0.155841	0.136736	0.125819
24	0.153111	0.349618	0.114902	0.382369
25	0.303221	0.207697	0.335972	0.153111
26	0.314138	0.262282	0.256823	0.166758
27	0.207697	0.237718	0.215884	0.338701
28	0.325055	0.202238	0.273199	0.199509
29	0.297762	0.270469	0.207697	0.224072
30	0.194050	0.248635	0.215884	0.341430
31	0.305950	0.224072	0.319596	0.150382
32	0.281386	0.344159	0.199509	0.174945
