pos	G	A	T	C
0	0.222739	0.277089	0.324781	0.175391
1	0.284249	0.277802	0.254921	0.183027
2	0.225487	0.305519	0.259703	0.209290
3	0.226412	0.277935	0.319390	0.176263
4	0.282188	0.274764	0.260734	0.182314
5	0.225355	0.304304	0.263270	0.207071
6	0.217798	0.278542	0.325309	0.178350
7	0.281845	0.280022	0.261579	0.176554
8	0.226095	0.302560	0.258197	0.213148
9	0.215896	0.272914	0.335534	0.175655
10	0.286759	0.279863	0.255397	0.177981
11	0.225831	0.302111	0.262953	0.209106
12	0.212488	0.275662	0.331730	0.180121
13	0.295082	0.271752	0.253521	0.179645
14	0.221312	0.304568	0.265701	0.208419
15	0.212355	0.281607	0.319998	0.186039
16	0.291172	0.283193	0.254657	0.170979
17	0.229503	0.304911	0.268634	0.196951
18	0.228790	0.297302	0.306232	0.167676
19	0.333156	0.284249	0.185775	0.196819
20	0.000003	0.999992	0.000003	0.000003
21	0.000003	0.000003	0.999992	0.000003
22	0.999992	0.000003	0.000003	0.000003
23	0.281052	0.307501	0.203028	0.208419
24	0.195023	0.310169	0.322799	0.172009
25	0.289560	0.286495	0.252041	0.171903
26	0.224245	0.307316	0.264274	0.204165
27	0.215764	0.275081	0.329431	0.179724
28	0.289639	0.276851	0.250852	0.182657
29	0.221762	0.308399	0.263059	0.206780
30	0.215843	0.279176	0.330910	0.174070
31	0.292440	0.278172	0.253626	0.175761
32	0.227231	0.305308	0.258964	0.208498
